517000
690000
722000
653000
656001
709000
667000
801000
708000
750000
517001
801001
724000
709001
722001
810000
701001
721000
809000
748000
729000
690001
801002
517002
721001
684000
801003
655002
833001
708001
693001
801004
750001
700000
701002
667001
724001
684001
729001
721002
801005
683003
783003
724002
810002
690002
801006
654001
809002
678004
650004
801007
655003
709003
726004
790002
701004
708002
678005
517004
801008
693002
761003
810003
790003
775004
746003
801009
656004
534006
801010
701005
790004
724003
801011
726005
790005
833003
517005
654002
790006
729002
801012
534007
527007
790007
783005
650005
750002
801013
790008
701006
724004
708003
790009
693004
746004
783006
709005
790010
690003
667003
810005
790011
809005
684002
750003
726007
790012
654003
790013
748003
690004
746005
790014
701007
761004
833005
527009
693006
708004
727007
790015
724005
527010
750004
801016
809007
801017
801018
667004
684003
517006
801019
700005
726008
654004
708005
809008
709008
527011
650007
721006
701009
708006
750005
783008
700006
667005
761007
724007
801020
517008
810006
654005
783009
708007
709009
801021
656008
726009
801022
527012
708008
746009
750006
801023
653007
690007
684007
761008
721008
724008
761009
783011
701011
517010
721009
750007
709010
746010
721010
690008
801024
667007
654008
801025
726011
801026
724010
517011
801027
750008
765019
721011
524013
683014
701013
772014
708009
724011
524014
684008
801028
524015
667008
809012
801029
524016
801030
726012
524017
690009
517012
701014
708010
765020
835019
801031
746012
683015
721012
709012
810008
524018
654009
524019
801032
524020
653010
701015
801033
656011
700012
684009
801034
524021
801035
726013
524022
683016
722014
810009
655009
801036
654011
701016
801037
801038
524023
765022
801039
524024
690011
761014
801040
810010
524025
721014
801041
517013
655010
654012
667009
801042
708013
656014
801043
761015
724012
746014
765024
801044
833016
667010
721015
801045
709014
801046
708014
765025
810014
746015
801047
783017
832023
655012
684010
667011
801048
761016
708015
701021
801049
801050
517014
810015
701022
775024
801051
690012
801052
783018
654015
655013
709016
708017
801053
724015
746017
544021
722019
684011
765027
801054
536027
657000
656018
653013
801055
750016
832025
708018
690013
801056
656019
801057
746018
765028
783020
709017
667013
656020
750017
701023
708019
684012
801058
721018
765029
726018
724016
722022
801059
684013
801060
765030
724017
746020
801061
667014
654017
726020
656021
801062
801063
684014
746021
765031
701024
801064
517017
801065
801066
724018
690016
655015
801067
684015
722023
765032
746023
516028
709018
700022
801068
773032
649029
801069
701025
656022
690017
667015
801070
536032
724019
978031
655016
628029
801071
517018
727026
726022
801072
729023
772030
684016
801073
746024
722024
709020
801074
701026
666031
761022
582025
801075
684017
690019
729024
649030
801076
801077
772032
701027
746025
709021
690020
761023
722025
729025
517020
572028
666033
746026
664028
516032
746027
700024
810026
516033
722027
701028
655019
690021
649032
783031
772033
729026
667017
709023
746028
690022
654023
701029
655020
810027
649033
722028
773035
746029
729027
761026
746030
721026
667018
709024
701030
657011
649034
722029
729028
746031
783033
544028
701031
657012
833030
721027
701032
690023
729029
649035
654024
765040
684020
701033
746033
700028
649036
721028
810029
750018
690024
655025
761029
833032
701034
709029
722031
686033
750019
657014
700029
667019
773039
772037
684021
746034
701035
721030
517024
709030
810030
669039
602030
700030
649038
773040
722032
765042
701036
709031
690025
684022
517025
667021
649039
700031
686034
709032
746035
765043
809039
810032
654027
690026
701037
722034
686035
516044
684023
701038
709033
750020
722035
809040
761031
544033
746037
690027
772042
726033
684024
667022
517027
686036
544034
684025
746038
700033
772043
690028
709035
649042
508030
701039
809041
810035
536049
686037
657019
726035
517030
658045
722036
746039
772044
750021
684026
761034
690029
649043
683042
656038
809042
686038
544036
722037
809043
684027
750022
654032
544037
656039
746040
686039
761036
683043
653027
700034
690031
709038
726036
750023
669050
772048
649045
761037
686040
657022
809044
726037
667026
700036
656041
750024
654034
746041
709040
722039
690032
761038
649046
750025
653030
726038
582038
683045
544040
772049
746043
761039
722040
667027
656042
649047
686041
524048
654035
683046
690033
750026
726040
809045
700038
524051
654036
746044
524052
653031
815057
842054
815058
657023
667028
649048
815059
809046
726041
686042
709043
833042
657024
809047
683047
667029
701040
746046
700040
761041
690035
583049
649049
722041
809048
810041
686044
583050
667030
726042
761042
746047
750029
583051
700041
649050
690036
686045
656044
709044
583052
772051
583053
833044
667031
726043
583054
761044
809049
657025
684035
517042
761045
810044
649051
772052
750030
653037
726045
649052
684036
517044
700045
683050
522053
746050
667032
772053
656046
809050
776062
709046
761046
657026
653038
649053
750031
726046
656047
667033
750032
509056
684038
683051
809051
667034
649055
750033
700048
772055
517045
726047
686050
750034
726048
667035
649056
809053
690038
686051
810050
709048
684039
700049
667036
683053
809054
649057
750035
667037
709049
517047
684040
809055
690039
746055
656050
772056
683055
709050
654049
750036
748048
649058
684041
656051
686052
683056
726051
522058
809056
649059
684042
722056
527065
748050
746057
772057
654050
522059
683057
686053
809057
656052
517049
750037
654051
657027
810055
684044
809058
709052
772058
746058
810056
649060
667038
722058
690041
683058
809059
700053
654052
519061
684045
701053
649061
656054
833060
772060
809060
517050
657028
635063
522064
653046
649062
686055
656055
667039
701054
750038
810058
606052
517051
656056
654054
657029
516066
701055
700055
583069
649063
683060
750039
542068
686056
667040
809061
810059
657030
583071
772061
684047
746062
583072
748054
750040
583073
542069
686057
583074
683061
746063
583075
649064
667041
748055
726054
583076
654057
700057
583077
519065
583078
656058
583079
809062
544060
508061
709059
667042
583080
686058
700058
517052
748056
684049
726055
519066
649065
809063
810061
667044
656059
772063
686059
647070
746067
654059
579047
683062
635071
748058
700060
709061
657033
649066
684051
542070
809065
750042
746068
656060
772064
708065
654060
517054
683063
686060
726056
718074
772065
722068
649067
667045
683064
544063
684053
516075
750043
772066
686061
517055
667046
809066
690054
726058
708066
683065
684054
772067
656061
750044
654062
517056
657036
649068
721074
544065
809067
683066
772069
656062
508067
544066
750045
508068
517058
709065
684055
657037
708067
726060
683067
649069
809069
772070
656064
666088
667048
700065
709066
542076
750046
647075
809070
666089
544067
810069
690059
656065
683068
649070
667049
726062
809071
544068
653062
829086
684057
750047
518075
667050
517061
690060
683069
518076
700068
656066
810071
809072
666090
683070
708068
582077
654067
809073
684058
544069
690061
522079
536087
746077
684059
726066
809074
686067
750048
683071
544070
708069
656067
718084
517062
700069
519077
750049
718085
746078
684060
647079
518081
690063
809075
700070
649071
750050
522082
686068
544071
833080
684061
810074
517063
772079
683073
544072
522083
726068
649072
654068
727091
684062
809076
700072
746080
718086
686069
518082
654069
726069
750052
656071
809078
544074
684063
649073
750053
708071
654070
649074
750054
809079
727095
810077
654071
542083
656072
683077
607097
649075
809080
708072
726071
746084
649076
544077
750056
718090
518084
517068
708073
510082
607098
684064
683078
654073
746085
727096
750057
809082
708074
544079
607099
750058
700076
718092
683079
647089
686072
726075
761076
607100
750059
700077
746087
544080
518085
727098
809083
686073
700078
708075
607101
726076
544081
626092
684066
654074
686075
700079
809084
708076
518087
684067
697094
517071
647091
750060
721092
518088
809085
700081
544083
683080
750061
686076
795096
721093
647093
700082
809086
686077
518090
700084
653080
654077
683081
686078
809087
684069
518091
721095
726080
544084
686079
683082
809088
517072
726081
654079
686081
684071
795099
647095
750063
809089
683083
721096
684072
686082
708080
700086
705093
683084
519096
708081
705094
518093
684073
809091
683085
653084
705095
721098
649085
683086
750064
708082
647099
684074
761082
705096
518094
636093
517076
705097
809092
647100
686084
700088
683088
684075
656083
544086
705098
750065
649089
700089
721099
809093
656085
686085
708083
683089
519101
518096
544088
686086
750066
683090
727113
518097
683091
684076
517078
809094
708084
772101
649093
750067
727114
700091
721100
684077
686088
518099
683093
647105
727115
708085
683094
656087
809095
700092
750068
517081
684078
795113
708086
518102
683095
750069
809096
700093
517082
686090
684079
708087
656088
518103
654088
797123
727118
809097
750070
708088
656089
582107
647109
683096
522111
761092
795115
518105
809098
649099
708089
684080
656092
647110
683097
761093
697114
518106
721101
517083
684081
750072
686094
708090
636100
683098
684082
649100
654090
686095
518108
656094
708091
727122
761095
522114
809099
683099
750073
726097
656095
522115
700100
654091
809100
686097
516121
761096
649102
684083
708092
700101
683100
518111
686098
726099
708093
656097
809101
683102
518112
708094
656098
582115
649103
721103
544100
809102
683103
519115
654096
684086
700105
519116
708095
649104
683104
517088
809103
750076
653098
721104
686101
656099
809104
708096
700106
517090
809105
708097
683105
750077
809106
656100
649106
683106
518114
684088
656101
700108
526130
761102
683107
686102
708098
656102
649107
809107
684089
678115
656103
656104
654098
684090
517091
518115
750078
654099
683108
519123
809108
830128
708099
654100
649108
684091
686105
653105
721110
809109
761107
519125
517092
654102
700113
518117
750079
684092
761108
830130
686106
686107
649109
809110
653109
721111
517094
761109
708100
684093
700114
517095
726107
683109
772131
653111
761110
518118
519129
815142
517096
654103
761111
708101
649110
809111
654104
519131
684095
683111
809112
649111
682125
686108
518120
517097
809113
708102
647127
721113
683112
761112
518121
649112
772135
682126
686109
683113
750080
649113
666143
727137
809114
700119
517100
761113
684097
649114
682127
700120
683114
700121
711146
518123
750081
809115
653117
649115
761114
682128
683115
654108
518124
761115
708103
683116
809116
686111
649116
750082
517103
654110
683117
700122
708104
727140
649117
682129
519135
750083
761116
809117
683119
518126
686112
708105
678129
750084
519136
727141
517106
809118
700124
750085
654115
708106
700125
682130
517107
761117
518127
649118
750086
683120
700126
682131
809119
708107
686113
517108
683121
750087
649119
708109
700127
572134
683122
705143
809120
750088
708110
519142
761118
700128
682135
727146
526155
649120
517109
705144
711158
683125
647141
750089
727147
686114
700129
761119
682136
750090
647142
519144
526156
809121
705145
761120
517111
708112
686115
683126
684110
518130
700130
809122
649122
526158
708113
809123
750091
684111
700131
705148
809124
647144
686117
517113
708114
761122
684112
686118
682140
700132
654119
647145
683127
761123
817137
682141
708115
700133
654120
686119
809125
772154
517116
683128
700134
705151
726130
518132
686120
761125
708116
682142
519151
649129
684117
766160
683129
726131
700135
761126
654122
809128
708117
682143
649130
750097
700136
654123
705154
809129
817140
708118
544133
766161
726132
654124
684119
683131
809130
750098
518133
761127
700137
649132
726135
684120
686122
708120
700138
517119
750099
684121
683132
562156
686123
705157
705158
809131
705159
649133
750100
708121
705160
726138
572149
705161
666170
761129
809132
654127
519158
700139
705162
684122
654128
766165
572150
708122
683133
750101
518136
700140
809133
636141
727161
683134
678150
542151
518138
809134
761132
678151
700141
562158
517123
708124
654130
678152
518139
678153
750102
809135
678154
656119
678155
766169
761133
678156
700142
809136
562159
708125
700143
727162
750103
656120
726146
654131
683135
766171
518141
686131
761134
809137
708126
766172
684128
683136
518142
649140
684129
683138
809139
750104
761135
708127
684130
766174
654134
517127
708128
809140
572161
750105
684131
686133
766175
766176
562162
683139
761136
667146
700144
684132
654136
766177
809141
750106
686134
766178
766179
708129
649143
562163
684133
516157
518145
761137
700145
766180
683140
766181
582162
766182
766183
708130
766184
649144
809143
705173
750107
766185
518147
684134
700146
517131
809144
683141
761138
656124
775183
684135
686136
708131
649145
667147
582165
700147
775184
809145
656125
708132
684136
649146
686137
727172
667149
700148
654137
726155
667150
683143
750108
809146
700149
686138
582166
708133
667151
684137
667152
726156
562166
750109
700150
727173
678167
772183
809147
775187
678168
667153
678169
684138
683145
678170
824188
700151
761139
750110
686139
517136
649149
678171
686140
519172
656127
654140
599156
700152
761140
667154
750111
686141
726158
517137
809148
667155
684139
708135
649150
809149
824190
700153
708136
770174
699190
518153
708137
667156
700154
649151
519175
750112
824192
761143
635172
582169
650183
686143
667157
770176
727178
700155
501181
654143
562170
809150
761144
518156
650184
775190
649152
684140
582170
699193
700156
667158
824194
558181
686144
750114
501182
546184
667159
708138
562171
727180
649153
770178
682169
708139
562172
700157
809151
636156
682170
683150
684141
750115
562173
809152
558183
700158
727181
519181
518159
649154
770179
686146
682171
562174
684143
708140
654145
809153
750116
518160
516178
727182
667161
700159
775193
501184
728192
708141
635178
562175
690171
686147
650189
667162
558184
809154
501185
582173
647182
770180
518162
700161
649156
750118
656128
635180
582174
770181
684145
761151
650190
562176
686148
708142
684146
518163
809155
750119
770182
700162
775194
517144
635181
562177
582175
728196
649158
708143
770183
519189
809156
761152
705194
705195
562178
708144
518165
770184
666197
683153
686150
682175
708145
649160
750120
809157
683154
666198
656132
635185
727184
684148
761154
656133
770185
517146
708146
683155
773216
761155
724199
750121
700163
683156
775198
686151
684149
667169
770186
667170
518170
761157
750122
708147
775199
546192
700164
686152
728200
727186
750123
684150
558194
809160
686153
724203
667173
667174
708148
761158
683158
562183
700165
750124
647192
766202
775201
700166
519198
656136
750125
684152
667175
728203
683159
761159
708149
727187
700167
656137
683160
724204
775202
562186
667176
809163
700168
519199
724205
727188
708150
684155
649169
656138
809164
686157
683162
750127
684156
700169
517159
667178
727190
761161
683163
656139
766207
700170
775206
708151
750128
562189
728209
635193
766208
700171
686159
517161
708152
683164
644193
682190
684158
656141
667179
686160
761162
727191
700172
728210
708153
750129
647197
724209
700173
644194
772208
727192
708154
582188
517162
667180
750130
761164
766211
647198
775211
644195
809169
686162
700174
656143
761165
708155
562192
519205
724210
728211
727194
708156
773233
647200
750131
656145
724211
684159
683165
667182
766212
686163
644196
729216
647201
578200
708157
761167
727195
728212
772211
684160
700176
729218
750132
809172
644197
562194
700177
682193
708158
728214
727196
773234
683166
761169
809173
728215
750133
708159
644198
724212
519209
682194
656147
649178
656148
686166
708161
686167
647204
761171
519210
683168
700178
708162
684162
647205
644199
773236
683169
700179
635207
682195
727198
686169
708164
644200
684163
656152
647206
572210
750134
582198
727199
682196
644201
700180
729222
724214
562201
773237
684164
708165
750135
729223
683170
682197
724215
684166
729224
686170
683172
647209
708166
647210
644202
772218
562202
660211
683173
517170
684167
708167
682198
518193
686171
727201
700181
644203
774245
700182
644204
708168
562203
649185
684169
501214
746209
644205
711227
562204
647213
686174
729226
655202
724218
683175
700183
772220
727202
686175
729227
708169
647214
684170
649187
655204
683176
682200
572219
700184
647215
649188
729230
700185
682201
708170
729231
562205
795234
682202
700186
724221
949246
700187
773244
682203
708171
562206
649189
518199
660217
645217
683178
700188
682204
678217
729233
647216
708172
686180
700189
682205
649190
708173
683180
727208
686181
678218
729234
656162
544204
684176
686182
644211
727210
724225
562207
509201
682206
700190
684177
683181
708174
519222
686183
700191
644212
682207
649194
683182
656165
728234
708175
700192
544207
644214
683183
724226
773250
686186
666230
517180
562209
700193
678225
517181
682209
708176
666231
700194
656168
678226
700195
644215
727213
683185
705240
729238
684180
678227
644216
656169
708177
684181
517184
682210
683186
724228
519225
678229
708178
705241
544213
700196
705242
684183
708179
678230
729239
682211
772231
708180
700197
705243
724229
649196
683188
705244
655209
656172
684184
727215
544214
562214
678231
728241
708181
729240
683189
644220
708182
724230
660230
711238
705246
599214
649198
728242
700198
705247
682213
705248
656176
729241
727217
708183
684186
705249
708184
666233
683191
728244
700199
705250
705251
708185
705252
728245
705253
705254
649200
678233
705255
724232
705256
666234
683192
708186
682214
647232
724233
705257
705258
655214
774270
644225
705259
705260
678234
683193
705261
544218
684187
728246
708187
705262
517190
729244
647234
772239
644226
705263
708188
683194
705264
682215
728247
724235
705265
705266
678236
705267
655215
705268
728248
708189
705269
724236
727222
647235
683196
705270
684188
705271
519234
649205
728249
772240
682216
705272
727223
655218
683197
647237
684189
705273
724238
705274
656187
728250
705275
683198
772241
705276
544219
705277
727225
724239
649208
656188
705278
647238
705279
645239
682217
678241
727226
684191
544222
647239
728252
682218
708192
705280
727227
705281
684192
649209
705282
728253
656190
705283
683200
824265
705284
647241
788269
682219
649210
684193
708193
705285
656191
683201
647242
517197
682220
705286
727228
808260
544224
517198
705287
678244
708194
728254
705288
607245
705289
544225
649212
656192
644234
683202
708195
774281
774282
728255
705290
682221
705291
705292
607246
705293
649213
656193
774283
705294
660241
544226
728256
774284
517199
708196
644235
682222
684197
649214
655224
705295
607247
774285
705296
647246
774286
705297
724240
728258
705298
774287
607248
683204
705299
649215
705300
708197
774288
705301
683205
519247
774289
660243
544229
705302
724242
647248
705303
708198
705304
727229
649216
774290
682224
705305
683206
705306
678250
705307
724243
727230
705308
708199
705309
705310
516248
705311
765263
655228
705312
684202
518230
649218
635248
705313
644236
705314
684203
708200
645247
724245
678252
649219
705315
660248
705316
682225
683208
705317
708201
774296
809229
705318
544230
656199
635252
649220
809230
705319
705320
644237
705321
724246
705322
684205
705323
809231
809232
644238
809233
683209
705324
809234
682226
684206
705325
705326
708202
544231
678253
682227
649222
727236
683210
519252
724247
649223
809236
705328
647250
544232
809237
728266
644240
809238
683212
682228
519253
517211
708203
660256
678255
684207
516255
519254
724248
517212
683213
728267
678256
666260
682229
644241
684208
708204
647251
683214
684209
708205
728268
645257
707281
724249
678257
711272
705332
649228
655237
683216
682231
708206
684210
649229
645258
724250
647254
644244
682232
678258
683217
682233
705333
707283
518244
683218
682234
649231
684211
544240
707284
724251
705334
649232
708207
728271
684212
664275
707285
683219
649233
724252
684213
728272
682235
705335
729275
517216
664276
728273
693288
544242
509247
729276
724253
684214
649235
716275
645262
729278
519260
724254
729279
518247
772271
693289
655239
544245
644247
683221
649237
678261
660259
728276
682236
683222
684215
810295
724255
729281
517220
707288
647258
656216
655241
728277
678262
544246
682237
810296
772273
705342
660260
724256
684217
647259
693292
682238
517222
519263
682239
683224
656217
647260
810297
644248
544247
683225
682240
684219
649241
724257
678264
655243
647261
774324
660261
649242
656219
774325
810298
724258
644250
729282
809260
678265
728283
724259
518251
683227
660262
682242
655244
519268
509255
649244
765290
684220
729283
765291
655245
644251
661277
810300
647263
649245
678266
724260
684221
728284
544249
728285
655246
683228
682243
649247
724261
544250
728286
655247
809262
644254
724262
678267
655248
728287
684223
693300
682244
724263
544251
557271
678269
728288
509259
683230
716289
818297
693302
647265
682245
645275
684224
655249
644257
683231
660265
655250
661280
724265
809264
684225
678270
728289
707297
649250
724266
682246
656226
683232
519273
644258
661283
684226
647267
728290
809265
661284
645276
684227
708208
655252
660266
661285
707300
724267
661286
728291
661287
809266
678271
660267
682248
729292
661288
661289
708209
519276
683234
661290
684228
713296
645278
544254
655253
724268
661291
683235
660268
656227
708210
809267
678273
649255
684229
661292
647268
655254
645280
644263
661293
728292
678274
682249
661294
693308
660269
708211
661295
519277
724269
544255
729294
661296
678275
655255
703307
661297
508266
682250
728293
661298
724270
661299
649257
707304
661300
647270
661301
708213
809269
703308
661302
666287
683237
748311
724271
647271
729295
649258
728295
660272
661303
708214
666288
684231
655257
645281
544258
724272
682251
707306
661304
708215
809270
703309
644266
656232
661305
724273
661306
683238
519278
809271
572287
728296
647272
703310
661307
661308
661309
765307
649261
666291
660277
724274
693311
661310
683240
809272
661311
660278
655259
647273
682252
544261
728297
703311
666292
724275
661312
809273
661313
660280
683241
765308
795322
682253
644269
684232
708218
728298
647275
660281
656237
645283
683243
666294
795324
649262
708219
728299
682254
765310
660283
544262
644270
724279
708220
703312
678284
683244
707310
660284
656238
724280
684233
644271
708221
795326
728301
517247
678285
703313
655262
678286
809274
724281
678287
707311
678288
795327
678289
678290
656239
649265
774346
809275
678291
647278
636270
708222
678292
774347
678293
774348
678294
655263
678295
519283
678296
724282
678297
678298
684235
707313
728302
809276
703316
724283
774350
708223
647279
607291
655264
656241
724284
774351
544268
707314
644275
774352
774353
683249
809277
728304
774354
647281
707315
774355
655265
774356
684237
647282
683250
693321
774357
703319
724285
774358
649270
774359
644278
809278
607292
647283
774360
707316
724286
655266
716312
517251
774361
713309
724287
660290
645293
708226
650309
644280
655267
693323
809279
649274
716313
519288
684239
724288
647284
683252
713310
708227
660291
728307
683253
682255
707319
656249
716314
713311
724290
703322
708228
645294
647285
682256
728308
708229
707320
713312
660294
809282
655268
645296
683255
682257
708230
713313
728309
650310
683256
707322
724291
684240
644283
713314
649277
728310
544275
809285
645298
644284
693330
708231
707323
649278
644285
713316
724292
645299
655269
656254
519291
644286
517256
682259
708232
683257
655270
649280
724294
707325
809286
645301
759337
644288
519293
666311
703327
649281
647291
713318
708233
809287
684243
649282
644289
707326
682260
809288
683259
655272
728314
644290
517259
647292
724296
713319
774371
728315
519294
655273
708235
724297
644291
656256
682263
728316
517261
703330
713320
649284
729318
682265
683260
708236
703331
728317
693341
713321
684246
635309
729319
703332
655276
708237
656258
772318
682266
644293
729320
517263
683262
682267
693343
684247
649290
772319
728318
810354
682268
708239
683263
655277
661339
724299
661340
684248
649292
729321
693345
728319
774378
572318
713322
693346
728321
661342
682270
708240
661343
519301
666320
645312
724300
661344
655278
728322
703338
682271
810355
684250
729322
772321
644299
655279
661345
708241
683265
728323
703339
729323
693348
682272
810356
728324
683266
755333
656267
703340
644300
509301
729324
772322
682273
519302
655280
656268
660315
755334
693351
666323
684251
724303
729325
682274
703341
683268
728325
666324
519303
729326
713327
683269
655282
649297
517273
572325
703343
755336
728326
649298
693354
683270
644305
649299
519305
684254
666326
683272
728328
683273
682276
647304
649300
729328
728329
519306
683274
649301
729329
660319
693355
660320
729330
586315
724304
647308
649302
684257
517277
579302
660321
684258
746343
682277
517278
724305
729331
655285
683276
572331
684259
792360
661356
683277
724306
746344
649304
684260
728331
729332
572332
792361
635325
647311
681298
792362
682278
647312
792363
729333
649305
655288
682279
572334
684262
579303
517281
649306
518317
728332
579304
729335
572335
682282
729336
699351
684263
728334
713339
746349
517285
792367
579305
693361
683282
682283
684264
666335
724311
683283
792368
693362
517286
666336
699354
579306
713340
650343
729337
666337
650344
693364
647317
765363
655292
713341
729338
517288
746351
575352
682286
683285
699356
693365
713342
792370
572343
693366
544308
647320
728336
519318
635331
684269
729340
699357
792371
647321
729341
684270
693367
636319
575354
746353
792372
636320
682287
765366
810381
575355
572345
517294
683286
684272
699359
575356
682288
655295
708265
575357
729345
765367
693369
708266
517297
575358
509321
655296
810383
635334
699360
765369
713346
660339
728343
572349
724318
655297
746357
684274
713347
575359
765370
544314
699361
708268
519324
713348
765371
683288
746358
655300
708269
699362
684275
683289
693371
713349
765372
697354
517302
728344
647330
655301
544319
683290
724320
708270
713350
635339
729346
708271
647331
699365
684277
728346
765374
517305
713351
660341
647332
729347
708272
693373
724321
683293
519329
765375
660342
684278
729348
708273
682302
713352
724322
765376
544322
660343
713353
517309
684280
708274
724323
655303
729349
699369
708275
519333
728349
746365
678357
684281
713354
746366
655304
746367
660345
746368
746369
636331
765378
746370
713355
708276
697359
724325
728350
660346
682303
635347
655305
693374
713356
575367
666355
660347
635348
724326
729350
708278
699372
579320
713357
579321
765379
682305
579322
519337
579323
544327
684283
655306
682306
729351
684284
519338
713358
693376
544328
728353
517312
724328
655307
682307
683294
684285
765382
693377
655308
713360
729353
682308
660350
697367
728355
729354
693378
697368
699375
724331
828418
519340
699376
683295
708281
716373
728356
655309
765384
729355
708282
683296
693379
655310
729356
708283
728357
765385
699378
635355
519341
724333
683297
647347
713363
684287
708284
655311
729357
768403
724334
765386
684288
666363
713364
682311
683298
810407
635356
729358
683299
726353
713365
728359
699379
708286
729359
683300
765387
724336
713366
682313
655312
666364
729360
724337
713367
728361
519345
666365
729361
789427
765389
683302
768408
724338
666366
713368
519346
647353
699380
682314
655314
683303
517320
708287
713369
655315
683304
724340
810411
708288
818393
729362
699382
728363
683305
810412
713370
768412
724341
684294
655316
728365
708289
682317
729363
660362
666369
713371
789431
768414
635364
517323
729364
705448
768415
684295
765391
768416
519349
810413
660363
705449
728366
726364
684296
729365
655317
726365
666370
765392
683307
729366
517325
724342
810414
699383
571390
713372
728368
635365
749429
655318
726367
682322
708290
810415
684298
728369
713373
683308
681343
768421
708291
684299
724343
655319
789435
705451
571391
768422
517327
683309
713374
708292
705452
749430
728371
810416
724345
519352
683310
579347
728372
726368
517329
789437
660367
579348
684301
683311
655320
810417
724346
708293
728373
789438
749432
810418
570400
684302
570401
579350
749433
684303
660369
810419
682327
729368
683313
681349
708295
655323
684304
724347
660370
635370
729369
699389
582376
728375
500385
544355
655324
749434
650389
705458
749435
682330
729370
765401
708296
726372
684307
517334
705459
655325
789443
682331
699391
724348
500386
683314
749437
650391
765402
660373
728377
682332
708297
681351
517335
749438
684309
655326
703409
726374
683315
582379
789444
729371
728378
571392
708298
683316
749439
705461
517337
708299
655327
726375
716403
703410
724349
789446
765405
728380
724350
729372
708300
684312
703411
765406
728381
750335
749441
575396
729373
655328
519364
724351
681355
703412
517339
699394
694428
705464
518381
729374
708301
749442
581401
750337
728383
517340
726378
694429
724352
729375
705466
519367
655330
765408
828450
699396
694430
683321
660379
724354
708303
729376
726379
750338
728384
684316
655331
699397
636366
544366
724355
726380
728385
655332
682339
660380
519369
726381
517344
708305
683322
699398
728387
581405
519370
682340
678399
660381
726382
694432
678400
724356
750341
728388
729378
581406
678401
708306
749445
750342
660383
678402
769437
705473
694433
729379
516390
708307
699400
724358
749446
705474
728390
682342
729380
750343
699401
655335
684318
724359
728391
519372
636370
516391
705475
682343
517345
726386
729381
684319
724360
683327
699402
749448
655337
682344
581409
705476
726387
683328
705477
516393
750345
655338
726388
729383
500401
699403
682345
716415
636373
516394
684321
500402
682346
581411
724362
517347
697415
705479
655339
759436
749449
728393
699404
750347
765417
684322
697416
729384
517348
500403
581413
759437
765418
500404
694441
749450
683330
500405
519375
726392
684324
500406
683331
724363
519376
516396
500407
581415
655340
682348
500408
724364
500409
749451
683333
682349
500410
759438
500411
516397
500412
508383
500413
694442
726393
500414
500415
519378
500416
759439
500417
684325
500418
517351
516398
500419
581417
724367
544377
759440
682350
726394
728400
724368
682351
517353
684327
683338
728401
516400
726395
519382
647385
724370
699407
684328
517354
705487
728403
516401
517355
581424
682352
697422
683341
694444
749459
684330
647386
519384
724371
728404
655350
636386
749460
713416
683342
697424
517357
519385
697425
750360
726398
697426
581428
705488
684331
728405
697428
517358
713417
749461
705489
516404
683343
724372
759448
749462
713418
682354
726399
728406
517359
684333
724373
694445
649386
683344
713419
684334
716416
750364
724374
682355
581433
775450
728408
694446
749463
726400
516405
575416
713420
655352
703439
724375
649387
581434
683345
765435
759451
684336
575417
682356
724376
705492
635406
655354
765436
728409
713421
516407
508396
684337
694447
759453
683347
749465
726401
716417
575418
724378
649388
517362
683348
765437
728411
516409
705494
649389
759454
724379
726402
713423
750367
749466
684338
694448
682358
666419
728412
683349
705496
517363
649390
728413
694449
765439
713424
684339
724380
828485
726404
705498
649391
728415
726405
749468
682360
765440
684341
694451
724382
516411
726406
518417
765441
724383
705499
726407
683352
749470
516412
713426
655360
519393
726408
728416
694452
750373
683353
684342
724384
728417
716426
750374
765442
575422
516414
749472
728419
716428
694453
713428
726409
750376
705505
728420
516415
684344
750377
724386
713430
655363
893525
844493
728421
816501
703446
724387
705507
519396
682364
575423
816502
728422
516417
517367
716429
684345
726411
703447
726412
682366
544400
655365
750380
816503
684346
728423
517368
682367
516418
575424
705509
716430
724389
517369
703449
683361
684347
635421
655367
728424
765449
705511
575425
649405
724390
647413
726413
716431
765450
683363
649406
728425
517371
716432
516420
647415
526449
726414
724393
575426
649408
684349
516421
684350
716433
575427
724394
649409
765454
516423
517374
724396
526452
683367
772446
684351
516424
765455
759472
517375
716436
724397
728429
649411
647416
526453
759473
656391
518432
516426
724398
746467
683369
510425
581456
656392
684354
716437
647417
724399
705517
526454
726415
684355
519404
746468
649413
728432
516427
647418
844511
517377
683372
726416
746469
581457
647419
684357
516429
655378
812529
759477
728433
519405
517379
724401
649414
726417
705519
844513
683374
599439
724402
684358
510429
728435
705520
724403
647421
599440
726418
516430
683375
517382
684359
765457
526458
655379
649415
599441
765458
684360
759481
694476
526460
724405
526461
716442
728438
655382
765459
815524
705523
683376
716443
724406
647422
728439
649416
517385
716444
765461
684362
843550
683377
765462
599444
684363
716445
517386
647425
683378
716446
516433
844515
705527
684364
724408
510435
647426
771504
716447
728442
844517
724409
659458
765466
599445
684365
771505
716448
844519
716449
599446
748506
765468
659459
683380
771506
684366
516436
519415
776491
656403
599447
749504
694478
726426
649417
765469
716450
683381
724410
599448
684367
724411
771507
517392
726427
516437
649418
728445
683382
684368
724412
765471
650469
771508
728446
647432
684369
519418
656405
649420
782510
726429
683383
650470
844523
655393
728448
771509
544427
647435
684370
655394
517394
716452
776498
728449
517395
516440
705541
683384
519419
544428
716453
581473
599452
647436
716454
728451
749509
844525
684372
782512
771512
765477
716455
519420
748512
599454
744505
683385
728452
749510
771513
517399
716456
724419
649426
517400
728453
694480
744506
683386
649427
748513
684373
749512
656414
517401
683387
844527
724420
716457
748515
684374
599456
776506
683388
716458
844529
728456
516446
771517
724422
748516
517404
716459
684375
647441
733534
771518
762501
748517
733535
656418
778516
516447
716460
765486
728458
544433
647442
684376
771519
765487
716461
749519
728459
844531
765488
516449
716462
748519
724423
683391
771520
749520
683392
599459
519431
716463
733536
684377
647443
683393
649432
635457
684378
655404
656422
716464
726433
683394
647444
728464
516450
844533
748520
519434
581489
650478
771522
680506
724425
716466
655405
544437
680507
733537
844535
670514
639514
647445
726434
684379
517411
680508
680509
683395
728465
684380
716467
516452
724427
749521
680510
647446
680511
680512
680513
683396
728467
670515
748523
680514
581493
516453
843582
765493
649436
726436
517412
650480
690506
724429
684381
726437
716469
680515
510458
771525
683397
726438
684382
649437
680517
728468
647448
695502
726439
670516
544441
771526
516455
683398
728470
749522
724430
844537
670517
656432
771527
684384
655410
728471
683399
510459
716472
670518
706512
656433
649440
706513
511500
771528
673504
519445
724433
650481
516456
749525
716473
748528
649441
695505
765499
684385
726441
683400
726442
647452
716475
733546
680521
771530
683401
690513
749527
646533
738501
764535
765500
683402
516458
771531
828553
724435
764536
533518
646534
519448
738502
724436
683403
716476
728474
655413
599469
647453
764537
673509
771532
684388
695507
646535
738503
650483
571504
647455
656440
726444
749529
683405
649443
558504
765502
783525
558505
726445
680525
558506
516459
724438
558507
655416
558508
656441
683406
673510
558509
647456
680526
558510
673511
558511
724439
558512
783526
558513
544455
771534
680527
558514
647457
749531
558515
724440
683407
558516
649444
650486
558517
783527
581505
771535
558518
673512
650487
558519
646537
655420
558520
726447
558521
558522
673513
724441
558523
646538
650488
680528
516461
728480
558524
783528
650489
673514
728481
570520
739525
558525
765508
749533
683408
771536
558526
724442
558527
684395
558528
544456
647460
558529
726448
558530
697508
680529
683409
716478
728483
646539
771537
516462
739527
655421
649449
673515
771538
749534
707531
728484
724444
649450
650492
526506
834526
765509
571508
544458
570521
716480
639534
683410
684396
656446
516464
833546
726449
517421
728486
544459
684397
673517
543500
647463
646543
650493
765511
543501
728487
544460
695516
649452
543502
655424
543503
707533
543504
695517
651510
543505
724445
726451
651511
655425
656449
680531
673518
543506
684399
707534
650495
543507
646544
765512
516467
771540
655426
726452
728488
724446
543508
517422
558538
543509
683411
684400
651513
639535
558539
651514
649453
690528
555469
650496
558540
673519
651515
558541
639536
543510
639537
543511
716482
649454
543512
684401
683412
558542
650497
673520
558543
544461
724447
543513
640502
683413
558544
716483
543514
558545
707535
558546
690529
516468
501504
646545
543515
680532
558547
649455
571511
684402
724448
683414
669575
655428
543516
650498
673521
516469
749541
570527
543517
728491
690530
684404
707537
571512
543518
650499
543519
738521
726454
680534
749542
771545
533541
726455
688525
683415
571513
680535
649456
707538
728492
749543
519471
771546
543520
544464
543521
646547
724450
516471
543522
655429
680536
765517
543523
684405
690532
673522
548516
649457
716486
647469
543524
683416
726456
543525
571514
517428
581520
543526
771547
783538
728493
690533
650501
516472
519472
716487
673523
680537
646548
649458
765519
724452
519473
708420
716488
684407
771549
776542
680538
690534
688528
708421
726458
516474
673524
716489
724453
649459
683418
519474
571515
646549
771550
570533
690535
726459
581524
683419
688529
544467
716491
543528
728496
649460
543529
571516
543530
771552
656459
680539
543531
695527
690536
543532
724455
683420
765522
516477
543533
688530
690537
726460
543534
673525
647472
543535
649461
716494
661558
543536
771553
516478
656461
680540
749547
581527
673526
688531
543537
543538
728497
517433
508477
543539
661560
647473
543540
726461
680541
650508
738529
684411
544469
543541
683421
543542
690538
656462
543543
534501
688532
578509
726462
749548
543544
640514
728499
684412
543545
765526
571519
544470
649462
543546
508479
695528
543547
783547
543548
708425
690540
673527
650509
543549
783548
680542
647475
517436
543550
688533
783549
578510
724456
543551
749549
649463
771554
543552
656463
519477
783550
684414
683422
726464
508480
543553
543554
680543
647476
543555
765527
707544
673528
695529
771555
684415
729505
544472
574511
543556
683423
708426
749551
543557
650510
543558
517438
543559
680544
543560
534502
726465
508481
729506
650511
578511
534503
543561
543562
690542
649464
543563
517439
684416
724457
726466
695530
708427
656465
635494
673530
543564
581531
771556
765528
683424
544474
716500
762552
517440
726467
650513
508482
647477
673532
684417
771557
728504
708428
510494
649465
578512
574514
749552
683425
688537
647478
708429
680545
728505
649466
534504
673534
656466
724459
726468
690544
516480
661565
508483
749553
581534
783556
650514
771559
673535
534505
783557
574515
783558
683426
726469
783559
684418
534506
716503
649467
534507
516481
688538
728507
690545
684419
673536
650515
508485
680546
708431
576509
726470
683427
508486
653506
581536
729509
698513
683428
724460
680547
647481
716504
544477
834552
655448
695532
516483
726471
649468
650516
684420
688539
664535
749555
517442
728510
568512
683429
544478
724462
690547
516484
726472
519489
574516
650517
778576
656468
749556
683430
684421
771561
574517
576511
508488
649469
563504
729511
724463
688540
749557
690548
517443
509495
525521
771562
656469
647483
581539
649470
508489
708434
664538
680550
563505
517444
728511
653512
642505
647484
762562
508490
645503
683431
680551
695533
688541
749558
765537
650520
664539
729513
728513
548538
656471
778579
771563
765538
716509
653513
545522
647485
771564
655450
749560
683432
517447
695535
728514
570548
647486
684424
510506
548540
690549
716510
688542
695536
749561
516489
765540
724466
544482
707558
650523
728516
771566
647488
684426
728517
647489
650524
649472
708436
578519
729516
749563
688543
642509
665571
724467
642510
771567
726473
517450
729517
516492
544486
647490
683433
707559
749564
688544
544487
653515
578520
570552
771569
650526
645507
649474
647491
708437
545529
749565
645508
817584
517451
683434
690551
771570
684427
581546
707561
688545
724469
519497
708438
765545
645509
656476
749566
647492
683435
690552
543580
653516
688546
726475
728519
544490
724470
649475
684428
647493
716517
688547
749567
683436
726476
673548
665575
647494
619552
738551
690554
578521
650527
516496
707562
765547
656480
683437
771572
684429
656481
673549
543581
688548
656482
647495
570555
548546
656483
649477
656484
653518
656485
656486
574527
726477
683438
647496
645510
738552
656487
724472
749569
688549
684430
728520
544492
708442
683439
665577
656488
656489
649478
543582
656490
690555
683440
656491
765548
653519
517456
647498
650529
656492
749570
724473
690556
688550
667532
684431
656493
653520
519501
645511
771575
647499
708445
679575
649479
716521
834576
656494
541536
689542
650530
656495
543583
699534
738555
653521
578523
656496
519502
684433
517457
656497
516500
688551
656498
707567
649480
647501
673551
656499
749572
716522
656500
568526
656501
728523
656502
744586
726478
684434
544496
543584
653522
679576
724475
683442
656503
689543
765550
568527
726479
771576
795606
645514
728524
673552
684435
765551
688552
724476
699536
776576
653523
656504
650531
673553
683443
728525
649481
519504
656505
724477
749574
744589
775566
765552
543585
707568
726480
517459
650532
649482
744590
749575
516504
707569
728526
688553
771577
653524
673554
568529
682472
689544
645516
543586
799614
649483
684437
728527
545538
726482
548554
795608
519506
724479
653526
707570
647508
690565
548555
645517
667541
688555
749576
548556
778601
771578
656507
548557
548558
667542
728528
568531
564519
548559
683444
744591
531560
543587
571547
581559
548560
688557
548561
673555
724480
707572
545541
683445
548562
649485
689546
688558
728530
726483
656509
548563
510526
516508
548564
650534
545542
649486
683446
670581
673556
749577
568533
548565
745595
544503
571549
765556
548566
716527
744594
707574
548567
574540
548568
647510
728531
541544
544504
699542
707575
765557
799617
729537
519509
726485
749578
688560
665590
517467
728533
683447
650535
655472
667544
819611
574541
729538
726486
673557
724483
510531
544505
791625
683448
645524
688561
650536
723605
548569
749579
516512
728534
649489
791626
723606
684440
667545
688562
683449
673558
543588
689549
574542
729539
724484
519511
745600
656514
749580
688563
645526
728536
726488
683450
673559
819613
729540
706582
656515
688564
729541
744599
650537
771586
723607
665593
516513
544507
519513
683451
548571
543589
673561
649492
689551
791628
726489
544508
772559
688565
653534
656516
662606
749581
517470
743574
707579
518543
771587
689552
655475
723608
744600
706585
683452
749582
533589
543590
728539
544509
517471
707580
765566
645527
688566
684444
667547
819615
689553
809551
662607
771588
726490
684445
683453
724489
728540
729542
689554
656518
653536
655477
510535
519515
667548
645529
647516
543591
662608
673564
656519
729543
574545
791629
724490
706587
749583
544510
769596
683454
743576
699549
688567
653537
574546
650540
729544
688568
771590
647517
535525
645531
699550
633541
649495
789640
791630
667549
517475
743577
570580
726492
516517
683455
673566
653538
706588
769599
684447
533593
745606
650541
749584
699551
668580
645532
688569
535526
724491
656523
728542
543592
647518
673567
653539
533594
645533
684448
570581
745607
683456
769600
519518
653540
689559
650542
729546
724492
668581
749585
699553
535527
728543
570583
533596
723611
765575
726493
647520
653541
517477
673568
689560
794600
771593
765576
650543
729547
544512
645535
791631
688570
649496
723612
662612
769601
683458
516521
543593
726494
647521
581577
749586
684451
745609
570584
794601
689561
649497
723613
543594
765577
749587
707585
647522
791632
771594
655485
688571
645536
667555
683459
646597
729548
726496
673569
656524
650544
570585
723615
684452
517480
765578
791633
543595
688572
689562
667556
772570
794602
771595
649498
724496
516525
683460
535529
723616
544514
743585
645538
655486
707586
765579
749589
683461
516526
684454
794603
771596
535530
647525
673570
650545
791634
543596
667558
519523
728550
716543
518558
723617
769605
688573
653546
726499
765580
743586
775591
684455
791635
771597
516527
716544
707587
645540
535532
543597
688574
724497
728551
723619
769606
570589
683462
517482
794605
543598
647528
749592
728552
771598
684456
519525
655490
726500
688575
724498
673571
545565
729550
775592
647529
667560
535534
649500
743589
707589
723620
791637
771599
684457
570590
645541
749593
662616
706603
519526
765584
673572
647531
688576
794607
655493
729551
723621
645542
791638
769608
706604
728554
707590
726502
656530
569576
683464
771600
545567
516530
794608
749594
544519
723622
673573
688577
729552
765585
716546
570592
707591
569577
649501
650550
545568
647532
726503
724501
519528
673574
662618
653551
723623
656532
743593
526576
707592
749595
794611
544520
665610
724502
564548
667564
771601
564549
726504
683466
843698
519529
647533
684460
749596
650553
662619
516532
683467
729553
723624
537570
765586
791641
569579
684461
650554
647534
723625
729554
580578
653553
570595
683468
569580
728555
517486
544523
724504
716550
749597
649504
771603
684462
765587
537571
516533
543599
732586
519531
683469
544524
647536
569581
726506
769615
662621
517488
650557
516534
673575
723628
684464
544525
794616
577544
683470
662622
545572
537573
569582
726507
765588
647537
543600
724505
519533
577546
732587
653555
688579
684465
673576
723630
749598
544526
745613
649505
650558
765589
683471
519534
688580
745614
662623
577547
543601
724506
684466
574565
577548
726509
749599
697596
688581
769619
649506
581590
673577
519535
577549
749600
543602
765590
771605
745615
716555
662624
517491
647539
724507
649507
771606
574567
765591
656538
683472
749601
732591
583608
684468
540564
726510
569583
647540
673578
577551
706615
809578
809579
724508
662625
519536
809580
723631
569584
684469
809581
796651
650560
728562
758618
732593
758619
647542
745617
574569
758620
570600
569585
571572
697597
683473
758621
765594
688583
726511
653559
655502
544528
688584
719556
758622
697598
650561
543603
540566
645551
569586
758623
723633
772589
688585
758624
577552
619598
684470
728563
771609
543604
516542
683474
758625
569588
650564
726514
543605
697599
650565
544530
653560
519538
796654
758626
697601
765596
688586
650567
543606
650568
697602
724510
723634
683475
653561
673579
517494
684471
537581
688587
726516
697604
650570
697605
716557
650571
749603
673580
543607
796656
771612
517495
688588
697606
650572
689563
650573
697607
650574
673581
697608
519539
716558
665622
732598
656541
765597
650575
543608
683476
537583
544531
684473
726517
758627
650576
673582
728566
749604
656542
650577
569590
689564
570604
519541
543609
697609
745622
650578
662631
723637
688589
647545
749605
574575
673583
765599
650579
650580
649518
684474
650581
724511
516544
728567
569591
568575
683477
749606
579548
519542
689565
650583
732603
724512
540569
726518
543610
749607
765600
719563
650584
745623
728568
650585
544533
796659
655512
697611
581597
564565
706626
650586
548613
732604
684475
544534
792604
796660
726520
758628
516545
653564
683478
656545
635569
543611
647546
749608
697612
724513
745624
758629
517496
655515
683479
673585
726521
684477
771621
758630
749609
673586
647548
771622
732606
574580
656546
765601
544537
649522
723642
683480
665628
758631
684478
749610
745625
516546
683481
544538
689568
673587
724515
732607
771623
728573
749611
697614
684479
771624
656547
724516
726523
574581
517499
749612
649524
688590
728574
765605
771625
688591
673588
683482
516548
653568
684480
749613
758632
724518
723644
765606
697616
544539
662641
771626
656548
688592
673589
697617
581606
689569
728576
724519
544540
749614
517501
688593
662642
758633
765607
688594
673590
689570
723646
749615
771628
683483
519549
716565
697618
706635
544542
531611
749616
723647
689571
662643
688595
540575
519550
706636
516551
574583
517502
724521
548622
544543
828669
745630
649528
706637
726527
545593
765609
706638
706639
683484
697620
516552
706640
771629
656550
728577
745631
706641
673591
689572
724522
635576
726528
749617
516553
544544
765610
688596
723649
570620
656551
673592
724523
716568
653574
683485
723650
697622
749619
649530
728580
544545
745633
655526
716569
688597
706644
732620
765611
516556
683486
673594
723651
773638
516557
599590
649531
662645
724524
771632
544546
647556
673595
723652
688598
716571
726530
749622
537600
649532
728582
517509
690624
673596
544547
689574
656555
726531
548630
683487
647557
773641
688599
545598
570624
544548
728583
723654
749623
647559
690625
769657
688600
719580
745636
662646
516563
649534
519556
749624
683488
656556
724525
673597
581613
680632
697625
723655
776654
662648
749625
728585
519557
688601
745638
544550
771636
656557
719581
689578
673598
773646
647562
517514
662649
773647
670638
690627
723656
581614
773648
749626
726534
688602
745639
773649
728586
656558
690628
719583
732626
649536
518611
688603
662650
545604
517515
726535
653583
619633
728587
683490
655531
647563
723657
689579
719584
656560
649537
771638
745640
732627
516570
662651
749627
706651
519558
719585
706652
697628
683491
545606
689580
688605
726536
649538
724529
723658
653585
728589
706653
688606
749628
517517
662652
690632
647565
683492
728590
749629
673601
724531
662653
690633
726538
647566
689581
745642
649539
726539
728591
567636
689582
567637
673602
517519
567638
683493
567639
656566
519561
649540
745643
728592
719587
723660
749630
690635
745644
726540
665650
673603
723661
649541
766669
749631
688607
683494
635586
653587
724535
519564
719588
683495
690637
649542
688608
656569
726541
519565
724536
714633
749632
775643
653588
649543
728594
726542
683496
724537
719589
745645
519567
689583
688610
510594
653589
723662
726543
728595
689584
723663
574600
673605
724539
745646
683497
723664
688611
537618
821670
745648
749633
723665
673606
649544
635591
724540
745649
726545
537619
688612
525619
517523
655541
673607
689586
683498
647573
726546
689587
574604
683499
728597
517524
635592
690640
579576
732637
749634
688614
683500
745651
519573
647574
703634
716586
749635
579577
728598
579578
828698
683501
662661
579579
724542
579580
653594
673609
749636
688615
662663
690642
579581
683502
579582
745652
516584
724543
773673
579583
749637
519576
716588
579584
653596
745653
647576
683503
749638
745654
732641
656579
773674
647577
688617
683504
724545
726549
776669
728604
653597
519577
723670
728605
749639
746675
719601
720643
568609
683505
690645
655547
773675
579585
745656
749640
568610
773676
723672
647579
579586
683506
568611
655548
568612
720644
749641
746677
638556
673610
689596
688618
773677
516590
683507
745657
568613
720645
726550
568614
728607
724548
653600
568615
673612
568616
749642
683508
568617
519579
725643
688619
649550
745658
568618
579588
673613
689597
683509
726552
568619
568620
720646
745659
683510
749643
714650
519580
728611
746681
574611
673614
516594
725644
579589
647583
745660
519581
533665
544552
689598
525628
653602
749644
683511
525629
720648
656586
673615
728613
525630
525631
569635
525632
714651
749645
519583
525633
649553
680661
703648
683512
525634
689599
525635
821688
745661
519584
726556
673616
579591
525636
714652
689600
749646
726557
656588
655555
703649
680662
724551
525637
653603
749647
745662
655556
703650
653604
689601
649555
683513
749649
525638
745663
714654
525639
661672
569638
725647
673618
649556
723678
655557
775666
745664
683514
775667
525640
724554
544553
690657
728619
723679
775668
680665
525641
516599
649558
690658
673619
525642
728620
683515
525643
656589
726559
649559
714655
728621
725648
745665
656590
703651
653607
680666
544555
683516
649560
714656
703652
683517
673620
749652
567674
724556
773693
728623
749653
568634
714657
726561
568635
544557
568636
568637
673621
726562
653609
649563
689602
544558
683518
728624
544559
558662
720655
661675
773695
647595
656592
749654
745667
653610
655561
689603
714658
745668
726563
683520
680671
661677
714659
745669
728626
653611
723684
523635
724559
649568
655562
673623
726565
689604
749655
745671
523636
728627
720658
653612
708562
656593
647599
661680
689605
688637
714660
649569
682575
544562
725655
682576
688638
689606
661682
682577
720660
724560
649570
516608
725656
682578
647601
714661
673626
683521
728629
544563
682579
723686
745672
688639
720661
771681
714662
728630
724562
683522
689608
647602
726567
749656
690670
654591
714663
516610
683523
688640
680676
745673
673628
726568
724563
749657
544564
720663
680677
688641
745674
749658
728632
656596
654593
723687
569654
673629
544565
682580
689609
649574
690671
656597
683524
819736
516615
653619
647604
708569
720666
723688
688642
649575
749659
656598
673630
647605
724569
558675
728636
745676
544567
519608
670691
723689
682583
726569
690672
795717
819738
771688
656599
647606
745677
518648
725663
724571
720668
688643
714667
749660
656600
723690
519611
728638
690673
726572
540633
749661
682585
688645
649579
724572
728639
661692
723691
689615
647607
656601
725664
720669
673632
691688
683526
682586
523647
688646
726574
519612
647608
725665
673633
683527
749662
745678
723692
649580
638589
714668
688647
750622
828743
544572
726575
714669
749663
689617
708576
541656
683528
599641
724575
649581
745680
682587
749664
691690
688649
689618
725666
771695
656602
726577
571659
516622
724577
728642
673634
749665
518653
714670
682589
680687
726578
516623
725667
771696
724578
708578
749666
689619
771697
682591
653628
683529
725668
745681
547665
541659
547666
673635
547667
509628
773716
649584
683530
689620
690676
547668
808719
771698
547669
745682
649585
714674
647616
691694
661698
728644
683531
771699
726580
749668
542626
689621
682592
649586
720675
745683
656605
666651
683532
828751
726581
708581
778726
773718
647617
821717
749669
688652
683533
725672
808720
714675
516629
544578
653634
634656
771701
726582
647618
728646
544579
688653
720677
749671
673636
714676
653635
661701
683534
708583
724585
808722
653636
723698
656607
688654
808723
688655
728647
519619
683535
689622
749672
814735
540645
745685
773722
647620
725675
516631
682595
683536
714677
745686
808724
749674
656609
808725
634658
673640
720680
647621
792688
540646
691701
749675
682596
661705
792689
688657
714678
745687
683537
778727
792690
689625
808726
726584
792691
673641
792692
647622
720681
691702
792693
659686
656610
661706
682597
792694
689626
723701
661707
690687
661708
655587
720682
688658
792695
795737
661709
749677
745689
714680
683538
792696
724593
531699
653641
661710
634660
728652
808727
542638
792697
661711
714681
792698
792699
682598
728653
723702
689627
659687
683539
691704
749678
634662
653643
792700
792701
726586
745691
724594
656611
792702
720684
682599
714682
792703
599660
808728
728655
691705
726587
689629
745692
558699
668697
682600
749680
659688
688660
778731
720685
659689
682601
749681
683540
771711
808729
634664
723704
714684
775710
688661
690691
726590
682602
691707
728656
680705
745693
778732
775711
749683
519621
683541
792704
724596
655591
720686
668698
808730
716650
775712
682603
634666
775713
725687
519622
680706
723705
683542
720687
653648
789789
795741
789790
771713
689630
649601
668699
808731
683543
714685
690692
516639
691708
728658
724597
688662
787761
795742
655593
656615
749684
659691
649602
808732
682604
519623
728659
725689
714686
723706
745694
775717
647629
518676
683544
808733
689631
728660
659692
542643
647630
725690
509648
668701
749686
682605
689632
571680
683545
723707
808734
720691
647631
771714
561666
717708
519625
745696
689633
558706
649604
680711
749687
808735
723708
691711
659693
682606
656617
771715
634673
724599
653656
519626
542645
725691
599670
649605
808736
717709
647633
749689
720692
689634
714688
778737
749690
682608
518678
655598
683546
649606
519627
516641
680712
652677
567712
724600
745697
714689
814751
540658
542647
682609
691712
683547
749692
656619
634675
649607
728663
652678
749693
647636
516643
808738
519628
523673
723710
653657
683549
649608
682610
745698
542648
688664
689637
523674
773746
680714
653659
725694
728665
509654
763746
656620
689638
649609
519629
542649
688665
682611
808739
653660
634676
723711
649610
725695
728666
691714
720697
771717
649611
808740
682614
523675
689640
682615
682616
653661
683552
682617
691715
649612
835784
763749
542650
808741
771718
653662
725696
691716
516646
720699
689641
655601
542651
649613
717716
656621
745701
683553
688667
808743
680715
653663
728668
771720
723713
704730
714690
668709
708611
517595
728669
808744
720700
682621
682622
725697
634680
745702
542652
680716
682623
682624
689642
708613
835786
655603
683555
723714
808745
682625
717717
704731
682626
726601
516647
728671
652688
649614
691720
518688
714691
542653
634681
745703
808746
649615
659704
717718
691721
542654
519631
749695
704733
656622
655604
720702
761685
547703
728672
542655
714692
647641
835789
683556
516649
649616
659705
690708
547704
518690
542656
647642
725698
509665
726602
659706
649617
652691
714693
717719
540668
728673
653669
547705
771724
704734
567724
647644
689643
561679
683558
547706
691722
771725
761686
749696
653670
725699
745708
659708
723715
735692
708617
634686
519635
714695
558719
808747
542657
689644
717720
567725
704736
655607
808748
688670
691723
682634
653671
652693
659709
690711
683559
735693
771726
519636
720706
761688
776748
728677
745709
523683
749698
717721
656628
725700
817789
690712
714697
691724
547708
735694
507684
542658
745710
749699
653672
725701
649619
681666
688671
771727
533737
659710
714698
698710
735695
683560
655609
519638
659711
708620
691726
670734
728678
653673
808749
649620
681667
735696
688672
652695
533738
725702
655610
634690
656629
808750
745712
749701
647649
720710
724616
688673
683561
745713
652696
647650
649621
519639
771728
725704
659713
808751
683562
708622
749702
720711
745714
656631
761692
688674
652699
547711
723718
691728
724617
647652
519640
659714
735697
652700
683563
720713
661738
691729
749704
761694
689645
723719
652701
745716
655614
542661
688675
652702
516659
683564
771731
661739
723720
519641
724620
749705
649623
634692
720714
735698
689646
688676
735699
691731
720715
657675
655615
518700
683566
723721
659716
689647
724621
656635
771732
519643
649624
691732
649625
689648
683567
745719
652705
661742
649626
726614
787789
542663
691733
724623
516661
689650
519646
649627
665764
708627
533744
518702
688677
683568
728688
519647
745720
652706
649628
725712
688678
749710
542665
690725
649629
656639
659717
683569
689651
749711
745722
547717
647660
724625
579669
652707
721713
688679
516664
649630
683570
691735
689652
725713
656640
668729
735708
745723
724626
721714
649631
652708
688680
726618
704753
655618
649632
689653
647661
537718
720719
691736
725714
653687
808760
518705
724628
690727
689654
745725
649633
688681
652710
720720
723728
655619
728690
649634
726619
510690
721716
659718
735709
689655
655620
533751
691739
519651
761705
808761
510691
749719
523697
544632
649635
725715
634706
518707
688683
690728
683572
652711
724629
808762
519652
749720
647665
720722
649636
721717
516668
668735
688684
652712
518709
564702
680740
792748
649637
792749
749722
688686
652713
725716
792750
634708
728693
723732
683573
659722
749723
724631
516670
558742
653690
792751
518711
661751
688687
634709
579673
761711
704760
720724
516672
745729
689656
704761
761712
728695
680742
649640
579674
717738
725717
553755
634710
745730
683574
728696
720725
749725
704763
725718
689657
691741
761714
647666
559751
724635
579675
683575
773791
649641
761715
652719
653694
688689
745732
510698
749726
559752
510699
518713
523702
683576
510700
647667
690736
689658
725719
553758
728698
510701
688690
579677
649642
516676
510702
724637
723736
652721
704767
720727
761717
745734
510703
510704
773792
689659
688692
649643
553759
510705
683579
745735
510706
704768
510707
689660
720728
724638
579679
726631
749728
652723
523703
518716
510708
720729
683580
634713
778777
688693
691745
725720
723737
510709
647671
724639
726632
510710
516678
510711
689662
749729
725721
691746
510712
574718
510713
652724
553762
649644
659736
690741
745737
688695
724641
557701
725722
723739
553763
720731
652725
647674
749731
516681
634715
724642
553764
723740
542683
659737
749732
691749
683581
657696
652726
720733
689666
634716
721732
723741
749734
778784
689667
533765
649646
659739
721733
647675
708648
574722
724643
749735
683583
516683
720734
689668
688698
518722
745742
761724
688699
725724
553766
647676
659740
689669
724644
579689
649647
652729
655639
683585
778787
725725
654671
723744
721735
724645
761725
634719
579690
649648
652730
688701
689670
659743
749737
691755
634720
653705
659744
652731
579691
778788
724646
516685
720737
745744
689671
688702
761727
723745
725727
659746
691756
683588
724647
720738
721736
761728
657701
745745
649649
725728
659748
579693
749738
778790
577704
659749
634721
516686
724648
653707
690751
689672
579694
683589
652732
723746
659751
745747
688704
659752
585769
653708
574728
659753
724649
688705
726643
689673
516688
655643
649650
542694
749740
691757
728709
724650
518726
634723
653709
516689
688707
728710
683591
725731
655644
689676
723748
749741
725732
649651
726645
691760
689677
723750
516691
721737
649652
691761
761731
689678
652737
728712
724652
516692
518728
537743
723751
720741
749743
649653
683592
726646
691763
516693
655648
634726
689679
725733
721738
653711
726647
749744
634727
720742
652738
724653
634728
689680
725734
691764
723753
761734
724654
655650
649654
689681
634730
516696
668765
745753
726649
653713
537750
688710
725735
516697
724655
745754
689682
810824
832814
668766
574733
574734
720744
691766
574735
725736
516698
574736
688712
574737
707777
574738
689683
653714
726650
574739
574740
659761
574741
537751
810825
720745
691767
634732
518731
810826
688713
810827
574742
707778
723757
810828
724656
574743
725737
810829
654676
574744
745755
574745
689684
810830
649655
726651
668767
586726
810831
653715
725738
726652
655652
586727
689685
749746
707779
720748
725739
654677
649656
683598
688715
655653
586728
680772
516701
689686
653716
720749
586729
652742
691770
688716
745756
749747
726653
516702
745757
689687
655655
574746
691771
652743
720751
634739
745758
653717
828846
691772
689688
655656
688717
649657
653718
773828
516704
735756
652745
688718
531790
725742
745759
654680
655657
634740
516705
690769
649658
735757
749749
688719
726657
652746
689689
720752
683605
723765
745761
773830
649659
690770
725744
659768
808804
653720
688720
749750
655659
726659
657718
518739
649660
689690
720754
537758
689691
808805
652748
708677
516706
688721
749752
735761
745762
649661
517671
749753
657719
653722
652749
537759
516707
773831
720757
634742
690772
735762
689693
618717
808807
688722
649662
691776
634743
755797
683609
655664
690773
654687
725749
721760
649663
689694
749755
808808
510751
688723
755799
720758
773834
673741
725750
776809
653723
652752
755801
749756
654688
516710
691777
708681
683611
808809
558768
659775
649664
723770
655667
634745
755803
652753
688724
745765
657723
690776
725752
558770
683612
808811
749758
510752
720760
652754
655668
723771
735766
725753
688726
689700
657725
653725
646811
745767
558773
755805
690781
720762
735767
649669
723773
689701
749759
653726
755806
808812
720763
755807
755808
688727
725754
755809
516716
646812
755810
749760
659779
708685
653727
655673
723776
749761
745768
725755
683617
808813
540743
518751
755811
657727
537769
601765
652758
755812
749762
755813
649670
689703
725757
808814
782839
659781
537770
782841
646814
725758
723777
518754
653729
542717
808815
749763
720766
782842
688731
808816
653730
725759
755814
659784
689704
681757
749764
518756
708689
507757
808817
649671
688732
723779
655677
646815
782843
516721
690791
653731
659785
725760
689705
720767
649672
646816
749765
652764
689706
729773
688733
653733
708691
690793
782844
688734
723780
655679
649673
749766
689708
808818
558781
723781
653734
619807
690794
646818
516723
782845
654698
683623
571777
652766
808819
649675
537778
688736
683624
689709
782846
516724
653737
673751
646819
507761
755822
723784
708695
655682
726681
749767
688737
649676
571779
653738
655683
723785
507762
782847
689711
720770
516725
688738
782848
540756
749768
649677
721779
507763
688739
720772
537782
689712
649678
749769
808820
725766
683630
646823
725767
688740
689713
531818
648819
646824
749770
808821
558788
708699
523772
655686
688741
540760
689714
646825
683632
688742
720774
655687
657744
749771
673758
649681
540761
720775
689715
726689
725770
516728
725771
655688
729785
646827
688743
791872
720776
652775
516730
725772
749772
729786
619821
720777
708703
634767
689717
683634
713772
657746
649683
558793
688744
657747
708704
782855
655690
725774
673761
540763
725775
689718
523778
516732
673762
634769
708705
652778
649684
773863
688745
791876
673763
634770
773864
782857
516733
689719
634771
707817
688746
523780
749774
745791
652779
720778
673764
683636
690810
605837
723796
689720
688747
652781
720779
745792
516734
665848
708707
634773
690811
646836
789917
683637
723797
707819
789918
657751
542739
673766
725781
721792
690812
782863
749777
646837
531830
688750
725783
689722
713778
523782
654721
516736
725784
634777
749778
723799
745795
683639
652782
688751
690813
649692
683640
681785
649693
707821
690814
683641
749779
688752
689723
518780
673769
523785
708713
654724
707822
688753
782864
683642
689724
745797
649695
797874
683643
828896
720784
688754
655699
725787
649696
745798
690815
749780
652785
782866
689725
729805
683644
729806
720785
688755
523788
745799
510791
729807
649697
579757
689726
653755
729808
797877
808838
516743
665859
673771
510792
634782
708717
707823
721800
526795
745800
683645
688756
649698
729809
808839
510793
510794
782869
579758
729810
510795
673772
749781
510796
729811
773870
725789
729812
517715
782870
653757
673773
729813
683646
516745
713785
707824
749782
729814
579759
689727
673774
655702
708719
725790
665860
683647
729815
688758
689728
523791
683648
745803
729817
648833
516747
729818
680830
841897
649702
655703
729819
518789
729820
707826
683649
653762
634784
725791
721803
729821
666794
689730
725792
729822
707827
791890
749783
729823
649704
729824
683650
729825
601807
725793
708721
791891
648836
577764
653767
689731
531846
749784
725794
683651
601808
648837
666796
577765
654737
749785
745809
723815
791894
729827
689733
690827
655704
518795
666797
558814
725795
749786
523793
689734
648839
708723
683653
707828
604835
690828
745810
649708
604836
707829
673781
721808
598825
688759
665867
518797
683655
649709
689736
655705
749787
689737
683656
707830
649710
665868
729830
516750
721809
791897
598826
725797
688760
749788
657767
745811
713795
708727
725798
655707
523797
690833
665870
721810
688761
653775
523798
689739
673782
729831
749789
707831
791900
725799
689740
673783
655708
537816
745812
665871
648842
723820
666800
688762
690834
683657
791901
708729
725800
624805
689741
648843
745813
666801
725801
749790
683658
665872
655711
688763
723821
673784
689742
725802
666802
708731
655713
680845
516755
809842
749791
537820
648844
598833
723822
668840
683659
745816
688764
690835
666803
653778
689744
665874
721812
749792
745817
509771
725804
707834
537822
749793
683660
690837
666805
689745
598834
745818
516756
749794
688765
649719
652807
690838
681814
666806
648845
708735
723824
531856
690839
577779
749795
649721
652808
725806
683661
666807
520850
725807
707836
665879
749796
598837
689747
648847
688767
750796
681817
725809
745820
653784
721817
690841
648848
666808
707837
689748
721818
683662
745822
665880
598839
518811
516761
520851
666809
648849
749797
725810
537828
652812
723827
653786
526816
690842
721820
749798
688768
548838
648850
723828
690843
653787
707838
548839
721821
683663
688769
548840
708739
725811
526818
548841
749799
548842
666810
665882
598842
548843
690844
516765
520852
548844
683665
648851
707840
548845
689750
548846
657784
598843
548847
680858
665883
520853
690846
548848
683666
666811
548849
809856
690847
749800
688771
689751
666812
649733
749801
548850
548851
721824
707842
548852
725813
688772
690848
520855
683668
708743
689752
749802
707843
649734
666813
683669
657787
745829
713818
688774
683670
809860
516770
723834
789971
649736
517741
666815
745830
688775
723835
649737
749804
520858
725817
683671
689754
713820
708747
723836
745831
666816
809861
653792
690854
652824
688776
685844
720826
750810
516772
649740
723838
713821
725818
526828
666817
809864
707847
649741
750812
516773
789976
518823
809865
745833
690857
666818
516774
657791
520862
750813
745834
683673
809866
707848
713822
721831
685847
652828
516775
750814
749807
657792
720830
713823
653796
707849
725819
723842
689755
721832
750815
713824
649743
688778
666819
723843
725820
653797
690862
745836
685848
721833
749808
649744
750816
689756
520866
654773
720832
690863
725821
713825
683675
689757
749809
688779
745837
690864
721835
689758
698841
649745
720833
725822
750817
713826
749810
708755
666821
516778
749811
683676
649746
720834
749812
688780
713827
721836
665899
520869
689759
750818
685850
749813
683678
720836
809874
713828
725824
745838
666822
685851
688782
720837
689761
749814
721837
666823
750819
809875
649748
668860
725825
683679
531888
685852
750820
689762
749815
720838
721838
688783
749816
720839
725826
654781
649750
666824
713830
765891
750821
520873
685853
683681
689763
721839
749817
809877
745840
516780
688784
725827
689764
685854
708761
666825
683682
809878
750822
745841
749818
666826
516781
649752
657800
765893
652836
681849
683684
749819
685855
689766
516782
688785
720843
668866
685856
520876
666827
745842
809880
725829
721841
652837
681850
789993
775913
765895
689767
509803
683685
526841
721842
725830
666828
518836
657804
581873
745843
668867
765896
688786
654787
749820
653804
689768
769947
666829
668868
745844
571849
721843
723859
713836
688788
689769
690876
732879
725832
502829
510853
654789
518838
775917
685858
668869
775918
683686
745845
749821
809884
688789
689770
649753
653806
720848
690877
689771
680890
581874
681855
732880
725833
516787
683687
745846
765900
769950
652842
685861
690879
666830
764939
809885
657809
749823
649755
704898
720849
745847
769951
668871
732882
683688
653809
689773
649756
704899
690880
745848
668872
749824
720850
725835
683689
652843
516788
581877
721849
520881
775921
725836
765902
775922
720851
689774
683690
704900
668873
666831
516789
531899
725837
509810
668874
721850
749826
720852
775923
765904
745849
683691
649759
668875
689775
685865
666833
683692
531900
704902
689776
749827
771908
654794
688794
732883
668876
745850
725839
685866
765906
721852
723868
720853
809892
688795
683693
775925
649760
653813
668877
732884
681861
749829
689778
723869
725840
809893
721853
765908
720854
652846
704904
653814
681862
685868
771909
689779
732885
809894
531903
721854
654798
649763
683695
732886
749830
725841
657820
721855
689780
725842
704908
688797
720855
685870
653816
732887
775930
725843
809896
516799
708777
683696
689782
720856
723871
688798
704909
721857
725845
749832
685872
666837
721858
690884
649765
683697
654802
745854
771915
689783
690885
688799
685873
725846
721859
720857
526857
774992
761872
654803
689784
666838
683698
685874
704911
690886
725848
720858
745855
689785
685875
666839
774993
520895
721860
680906
749833
809900
683699
774994
689786
688802
516802
725849
520896
683700
654805
745857
666840
721862
764957
689787
720859
558882
516803
704914
526861
654806
688803
666841
577829
649767
634860
683701
745858
704915
764958
809902
542822
749835
721863
689788
649769
666842
725853
720860
516805
653826
745859
683702
688805
689789
577831
749836
654808
666843
800948
721865
782953
526862
720861
764960
683703
800949
725854
782954
688806
657824
690888
721866
800950
689791
720862
685882
725855
721867
683704
654811
653829
531919
749838
782955
666847
685883
721868
749839
690889
689792
680911
683705
558889
745863
800952
782956
683706
771928
577837
721870
653831
841994
666848
654813
690891
685885
782957
725856
688809
581896
749841
683707
721871
764962
800953
689794
666849
516810
685886
725857
749842
704922
708791
649776
689795
800954
721872
653833
516811
782960
688811
690892
654814
745865
683709
708792
516812
764965
689796
749844
571879
782961
725858
745866
764966
721874
652871
683710
720867
689797
704923
723887
809912
714905
749845
649779
695930
764967
571880
690895
652872
720868
721875
558896
771935
689798
531926
782963
725860
764968
745868
723889
714906
558897
689799
749847
571881
728853
649780
782964
725861
721876
683711
516814
708794
720870
714907
707904
690897
689800
652874
688816
723890
681898
782965
720871
749848
714908
728854
745869
683712
721877
652875
571882
782966
654819
714909
683713
649783
688817
725863
764972
695933
516816
652877
654820
782967
725864
721879
649784
720873
654821
695934
515849
714910
721880
723892
749850
764973
666861
725865
654822
653842
652879
571884
749851
725866
721881
747967
516819
708800
688820
683715
695935
690902
689806
666863
515850
723893
657837
714911
652881
764975
690903
749853
688821
725867
683716
782972
516820
721882
685898
515852
723894
695936
571885
714912
704935
683717
652882
725868
749854
666865
690904
728863
720878
689808
721884
531935
708802
728864
515853
666866
652883
685899
516822
704936
649789
782974
714913
728865
725869
720880
683718
721885
695937
666867
690906
653848
683719
714914
764977
515855
688824
749856
533916
721886
683720
704938
708804
531937
800972
782976
685901
666868
714915
516824
800973
723896
689812
749857
649791
721887
657841
695939
685902
683721
800975
728867
725871
690908
688825
800976
714916
723897
689813
515856
666869
708805
516825
695940
800977
683722
653849
764979
728868
657842
800978
689814
714917
725872
800979
688827
721889
708806
800980
695941
685903
571887
690910
761904
704940
653850
800981
666871
809933
654833
800982
649793
516826
745882
685904
800983
714918
515858
725873
800984
761905
683723
721890
704941
764981
688828
531940
723900
652887
690912
689816
714919
708808
761906
666872
728870
720887
515859
649795
685905
683724
745883
764982
721891
517803
800985
653852
749862
533925
689817
720888
714920
654834
800986
685906
725874
704943
516827
688829
649796
654835
800987
761907
714921
721892
653853
720889
533927
764983
800988
761908
745885
747982
516828
652891
654836
690916
800989
649797
515861
749863
688831
773991
745886
725876
654837
714922
764984
690917
531945
515862
761909
683726
728874
689819
695946
652892
720890
721893
725877
714923
654838
688832
708812
761910
515864
720891
695947
721894
745887
689820
653855
728875
764986
688833
714924
652893
704947
690919
725878
683728
720892
745889
728876
516830
809939
721896
800994
689821
695949
683729
653856
690920
761911
745890
649799
685911
720893
725879
800995
809940
515865
800996
635890
721897
683730
689823
690921
657855
800997
688834
708816
516831
689824
683731
685912
800998
723908
749871
721900
725881
657856
688835
761912
728878
649801
652898
800999
683732
721901
509863
695951
649802
654843
690922
515867
685914
725883
747993
749872
707935
688836
723909
689825
761914
509864
653859
721902
690923
683734
652899
516833
649803
747994
761915
683735
704954
685915
725884
695953
515868
749874
683736
516834
688838
690924
747995
761916
720897
721903
683737
707936
507882
723912
654846
708820
749875
689827
515869
677957
688839
652904
725886
720898
653860
761918
507883
714933
685916
526912
683738
749877
723914
761919
652905
689828
649806
657863
725887
690926
526913
521884
704957
577882
683739
707938
653861
654847
695958
721906
761920
749878
688841
657864
720900
725888
690927
683740
515871
507885
704958
654848
720901
721907
728886
707939
653862
688842
683741
507886
652908
761922
728887
809953
708824
516840
688843
515872
723919
721908
653864
649808
654850
689830
707941
507887
685918
652910
704959
720902
653865
695961
518915
707942
521887
809954
689831
649809
605982
516842
749880
688845
690929
725892
721910
515874
543904
657866
704960
653866
652912
707943
720903
728889
688846
526920
749881
521888
721911
515875
683742
708828
761923
518917
690930
695963
689833
699953
720904
688847
654851
516844
704961
652913
578908
707944
809957
761924
749883
653868
699954
649812
601936
683743
518918
720905
721913
749884
707945
704962
516845
723926
689834
699955
694976
725894
714943
809958
685923
652915
654853
543908
689835
526924
721914
683744
725895
707946
708832
601939
761925
688849
720907
685924
728895
699956
809959
749886
653871
714945
652916
649813
704963
578911
689836
749887
688850
689837
699957
577895
601940
521894
725896
761926
683746
720908
649814
515877
707947
577896
516848
714947
683747
598954
688851
720909
685926
699958
518922
761927
809962
654857
652918
689839
749889
721919
683748
708836
707948
515878
689840
533959
725897
577898
543916
652919
749890
683749
761928
714950
721920
688854
654858
700941
745917
657875
694983
720911
578917
704968
690938
652920
721921
688855
707949
649816
683750
689842
543917
581959
653876
704969
728902
652921
708840
699959
745918
714952
761930
728903
694984
690940
688856
581960
749892
725898
707950
720912
683752
516852
689843
704971
654860
809967
543919
749893
688857
515880
745920
699960
721923
761932
707951
694985
515881
809968
704972
728905
652923
689844
683753
720913
543920
700945
668963
688858
692977
745922
690941
542890
761933
518930
728906
542891
720914
694987
761934
543921
745923
721924
808999
688859
707952
749895
699961
542892
761935
689846
578923
683754
542893
721925
688860
809971
649822
700947
515883
654864
657880
652925
516855
720916
749896
694988
707953
542894
653881
699962
515884
721926
708844
683755
542895
690945
553985
728907
654865
516856
542896
649823
761937
745925
653882
689847
694989
720917
700949
699963
581966
725903
688862
542897
707954
507906
533969
515886
542898
653883
699964
652926
720918
516857
809973
683756
725904
657883
728909
707955
542899
688863
714960
694990
699965
689848
690947
516858
542900
720919
683757
533970
708848
707956
515887
749898
542901
725905
653884
745927
518935
657884
652928
690948
578926
721931
543925
688864
542902
707957
694991
692984
683758
699966
728910
542903
721932
700953
690949
542904
720921
749899
509900
689850
515889
694992
542905
518937
745929
720922
699967
690950
688866
725908
683759
515890
707958
542907
652929
516860
689851
745930
699968
725909
720923
694993
542908
654872
699969
543928
749901
688867
542909
533975
517852
728913
542910
708852
683761
694994
749902
515891
720924
699970
690952
542911
707959
721936
728914
521912
542912
517853
521913
723950
809980
542913
699971
543929
745932
521914
581975
749904
683762
509905
542914
761945
700955
654874
721937
728915
694995
692990
699972
720926
707960
749905
542915
689853
581976
694996
542916
745933
699973
721938
728917
521916
720927
517855
683763
761946
542917
652931
700957
649834
543930
516865
515893
542918
728918
749907
688870
723952
699974
708856
745934
707961
542919
649835
578932
515894
688871
689854
692992
725914
657891
649836
542920
809984
649837
745935
749908
581979
652933
683765
542921
700959
654878
707962
721940
720929
515896
692994
689855
542922
517858
518945
543932
657893
533980
749910
649838
652934
578934
720930
688874
809986
515897
689856
653895
683767
721941
543933
749911
690960
649839
692995
654879
652935
700961
516868
657895
728922
517861
683768
761952
707964
745939
688875
690961
517862
689858
516869
653897
720932
683769
657896
809988
515899
700963
745940
652937
720933
749913
689859
533983
508895
515900
517864
692998
745941
809989
516871
688878
707965
690964
749914
543937
518951
688879
689860
517865
533984
749915
745943
707966
692999
657898
508897
515903
683771
518953
700965
707967
721947
683772
689861
749916
653901
725925
657899
543938
707968
745944
720936
517868
654887
683773
688881
521925
518955
700967
515905
809993
749917
685965
707969
721948
521926
543939
516873
728927
725926
657900
683774
688882
652943
707970
749918
521928
700969
518956
543940
725927
809994
689863
707971
533989
521929
688883
652944
515908
517871
521930
683775
708869
749919
543941
745945
521931
720939
657902
728929
533990
725928
509921
809995
749920
599946
688884
657903
653905
672971
543942
515909
725929
745946
533991
749921
518960
728930
708872
652946
683776
809996
721952
599947
654892
723968
700973
749922
689867
653906
725931
745947
543943
720942
657905
654893
515911
728931
749923
745948
700975
689868
543944
683778
809997
516877
725932
657906
707972
515912
517874
688886
689869
543945
749924
654895
745950
707973
723972
728933
652949
543946
708876
666945
749925
517876
683780
654896
699997
657908
516879
689870
809999
652950
700977
720945
688887
745951
517877
725933
654897
728934
683781
666946
707974
657909
689871
749927
516880
688888
699998
515915
666947
728935
683782
517879
654898
707975
725934
508910
543950
708879
720947
652951
516881
728936
653912
517880
700979
707976
708880
699999
521942
689873
745956
683783
653913
657911
720949
725935
516882
749930
654899
652953
666949
689874
688890
521943
728937
518966
721959
720950
725936
707977
515917
653915
749931
654900
689875
683784
517882
728938
653916
688892
707978
721960
521945
657913
725937
656925
517883
654901
586971
728939
683785
521946
516884
657914
749932
725938
689876
707979
708884
688894
728940
683786
652958
720953
688895
749933
689877
721962
657915
516885
653919
708885
518969
707980
725939
683787
517885
688896
720954
510987
721963
708886
652959
666954
516886
657916
689878
653920
749934
728942
725940
683788
517886
515921
721964
708887
666955
657917
707981
653921
723983
749935
518970
689879
516888
725941
720957
652960
683789
656930
688899
657919
707982
708889
749936
723984
725942
721966
683790
654907
656931
517888
749937
516890
707983
652962
666957
653923
689881
657920
683791
708890
720959
515924
721968
666958
720960
725944
516891
653924
723990
683793
652963
723991
728949
518974
689882
666959
517891
571982
657922
720962
707986
723992
721971
725945
688904
515926
749938
654910
689883
516892
723993
728950
745977
683794
517892
688905
720963
749939
515927
721973
723994
516893
657923
707987
689884
725946
666961
683796
652967
720964
708894
749940
723995
666962
728952
689885
657924
517894
707988
515929
688908
683798
516895
652969
666963
689886
749941
683799
688909
745984
728953
707989
723997
689887
708896
749942
516896
515930
652971
653930
517895
720966
721977
666965
683801
688910
723998
516897
708897
745985
707991
749943
656946
720967
721978
723999
652972
688911
728956
689889
517897
708898
657928
656947
515932
707992
720968
516899
728957
683803
749944
517898
689890
688913
653935
721980
666968
728958
543980
720970
516901
745987
749945
707993
708899
688914
666969
721981
517900
654926
657931
516902
720971
656950
749946
666970
707994
728959
725957
683805
688915
721982
720972
689892
656951
654928
708901
517901
745990
666972
749947
515935
688916
683806
652976
728960
656952
721983
707995
720974
708902
725959
666973
689893
745992
688917
666974
749948
653941
515936
516906
725960
720975
666975
708903
517903
707996
745993
652978
683808
656954
728962
689895
721985
749949
688918
708904
666976
653943
517904
725962
720977
523992
654934
707997
656955
689896
728963
708905
725963
515939
654935
523993
666977
689897
749950
720979
688920
517906
683812
516911
707998
656957
708906
725964
666978
652983
728965
720980
654937
656958
683813
517907
688921
689899
749951
707999
516912
708907
515941
523996
721990
654938
666979
728966
725965
689900
688922
652985
749952
683815
523997
516913
708908
721991
515942
689901
517909
654940
656961
728967
688923
666981
749953
683816
708909
517910
725968
523998
656962
720986
515943
666982
683817
516915
689904
721993
688924
728968
749954
725969
688925
652990
653956
689905
683818
666983
515944
656964
721994
517912
657953
725970
749955
683819
689906
728970
708913
655944
666984
721995
652992
515945
517913
656965
708914
653959
725972
728971
683820
720991
689908
515946
657955
749956
655946
652993
666985
721996
649920
653960
683821
708915
656966
689909
688928
728972
655947
516922
720992
652994
653961
515947
666986
721997
725975
683822
517916
656967
688929
728973
708916
655949
749958
720993
666987
689910
652996
649923
721998
516923
683824
515948
656968
725977
728975
708917
655951
666988
689911
657961
517918
721999
653965
515949
688930
720994
683825
728976
649925
725979
666989
657962
708919
749961
516925
508978
517919
688931
689913
666990
655953
728977
720997
708920
515950
683827
657963
653968
749962
655954
689914
666991
649927
728978
517921
688932
720998
515951
683829
653970
666992
656974
655956
728979
749963
708922
689915
653971
683830
666993
516930
515952
749964
688935
517924
728982
689917
708923
683832
656977
666995
688936
655960
728983
653974
515953
517925
516932
725989
689918
683833
728984
653975
688937
656978
708924
666996
749965
689919
683834
666997
515954
689920
725992
728987
688939
749966
683835
655964
708926
515955
516937
728988
689921
749967
683836
655965
728989
653980
516938
517930
649942
749968
515957
689923
683838
655966
656986
653983
683839
689924
515958
516940
517933
688946
749969
683840
689925
515959
688947
656988
749970
517934
515960
683841
657986
689927
516942
656989
688948
653986
654984
683842
655971
688949
653987
689928
749971
683843
516943
517936
657988
515961
688950
689929
749972
655974
517937
688951
683845
516944
653989
654988
657989
655975
749973
689931
688952
516945
654989
655976
689932
656996
683847
657990
688953
749974
517939
655977
654990
656997
683848
688954
689934
749975
516947
657991
655978
689935
654991
517940
515968
656998
749976
683849
653996
689936
654992
655979
653997
749977
689937
683850
653998
516949
656999
655980
657995
517942
655981
749979
649963
683851
689940
516950
517943
655982
683852
689941
726998
749981
516951
749982
683853
689943
655984
749983
689944
683855
749984
708959
517947
689945
683856
655986
749985
708960
516955
683857
749986
689946
749987
655987
683858
749988
516956
655988
689948
683860
689949
749989
708963
683861
516958
689951
749990
708964
655992
683863
649979
689952
749992
689953
683864
683865
516961
655995
749993
708966
689956
683867
708967
749995
689957
683868
749996
708968
655999
689959
683870
749998
689960
683871
516968
708969
689962
749999
516969
683873
689963
689964
683875
689965
689966
516974
683877
708976
689967
516975
683878
708977
689968
516977
689969
683882
683883
516978
708981
689971
683885
708983
683886
689972
683888
689973
708986
516985
689975
708987
516986
689976
708988
689977
708989
516990
683897
708991
683898
516993
683899
708992
708994
689986
708995
516998
708999
689993
689994
689995
689996
689997
683919
689999
683921
683922
683925
683927
683930
683931
683932
683936
683938
683941
683942
683943
683944
683946
683948
683949
683950
683954
683957
683995
683999
